%YAML:1.0
---
camera_matrix: !!opencv-matrix
   rows: 3
   cols: 3
   dt: d
   data: [ 659.95654054629824, -2.8848508379788056, 634.63296120292432,
       0., 625.10325208937729, 544.74330559284817, 0., 0., 1. ]
dist_coeffs: !!opencv-matrix
   rows: 4
   cols: 1
   dt: d
   data: [ 0.24199999999999999, -0.65600000000000003, 0.1080000000000001,
       0.20700000000000007 ]
resolution: !!opencv-matrix
   rows: 2
   cols: 1
   dt: i
   data: [ 1280, 720 ]
project_matrix: !!opencv-matrix
   rows: 3
   cols: 3
   dt: d
   data: [ -0.94790700923146698, -2.7847467086659501, 1313.4932853261691,
       0.058595318255804926, -3.1476052076021226, 1207.759002799582,
       9.6794831150950157e-05, -0.0044398965817577232, 1. ]
scale_xy: !!opencv-matrix
   rows: 2
   cols: 1
   dt: f
   data: [ 0.819999993, 1.05999994 ]
shift_xy: !!opencv-matrix
   rows: 2
   cols: 1
   dt: f
   data: [ -10., 10. ]
